name: LTR_retriever
channels:
  - anaconda
  - conda-forge
  - bioconda
  - defaults
dependencies:
  - _libgcc_mutex=0.1=conda_forge
  - _openmp_mutex=4.5=2_gnu
  - biopython=1.78=py310h7f8727e_0
  - blas=1.0=openblas
  - blast=2.12.0=hf3cf87c_4
  - bz2file=0.98=py310h06a4308_1
  - bzip2=1.0.8=h7b6447c_0
  - c-ares=1.19.0=h5eee18b_0
  - ca-certificates=2023.05.30=h06a4308_0
  - cd-hit=4.8.1=h5b5514e_6
  - certifi=2023.5.7=py310h06a4308_0
  - curl=7.88.1=h5eee18b_1
  - drmaa=0.7.9=py310h06a4308_0
  - entrez-direct=16.2=he881be0_1
  - gmp=6.1.2=hb3b607b_0
  - gnutls=3.5.19=h2a4e5f8_1
  - h5py=3.7.0=py310he06866b_0
  - hdf5=1.10.6=h3ffc7dd_1
  - hmmer=3.3.2=h87f3376_2
  - krb5=1.20.1=h143b758_1
  - ld_impl_linux-64=2.38=h1181459_1
  - libcurl=7.88.1=h251f7ec_1
  - libedit=3.1.20221030=h5eee18b_0
  - libev=4.33=h7f8727e_1
  - libffi=3.4.2=h6a678d5_6
  - libgcc-ng=13.1.0=he5830b7_0
  - libgfortran=3.0.0=1
  - libgfortran-ng=11.2.0=h00389a5_1
  - libgfortran5=11.2.0=h1234567_1
  - libgomp=13.1.0=he5830b7_0
  - libidn2=2.3.2=h7f8727e_0
  - libnghttp2=1.52.0=h2d74bed_1
  - libnsl=2.0.0=h5eee18b_0
  - libopenblas=0.3.21=h043d6bf_0
  - libssh2=1.10.0=hdbd6064_2
  - libstdcxx-ng=11.2.0=h1234567_1
  - libunistring=0.9.10=h27cfd23_0
  - libuuid=1.41.5=h5eee18b_0
  - libzlib=1.2.13=hd590300_5
  - ncurses=6.4=h6a678d5_0
  - nettle=3.3=0
  - numpy=1.23.5=py310hac523dd_0
  - numpy-base=1.23.5=py310h375b286_0
  - openblas=0.3.4=ha44fe06_0
  - openssl=3.0.9=h7f8727e_0
  - pcre=8.45=h295c915_0
  - perl=5.32.1=0_h5eee18b_perl5
  - perl-archive-tar=2.40=pl5321hdfd78af_0
  - perl-carp=1.38=pl5321hdfd78af_4
  - perl-common-sense=3.75=pl5321hdfd78af_0
  - perl-compress-raw-bzip2=2.103=pl5321h87f3376_0
  - perl-compress-raw-zlib=2.103=pl5321h87f3376_0
  - perl-encode=3.19=pl5321hec16e2b_1
  - perl-exporter=5.72=pl5321hdfd78af_2
  - perl-exporter-tiny=1.002002=pl5321hdfd78af_0
  - perl-extutils-makemaker=7.70=pl5321hd8ed1ab_0
  - perl-io-compress=2.106=pl5321h87f3376_0
  - perl-io-zlib=1.14=pl5321hdfd78af_0
  - perl-json=4.10=pl5321hdfd78af_0
  - perl-json-xs=2.34=pl5321h9f5acd7_5
  - perl-list-moreutils=0.430=pl5321hdfd78af_0
  - perl-list-moreutils-xs=0.430=pl5321h031d066_2
  - perl-parent=0.236=pl5321hdfd78af_2
  - perl-pathtools=3.75=pl5321hec16e2b_3
  - perl-scalar-list-utils=1.62=pl5321hec16e2b_1
  - perl-types-serialiser=1.01=pl5321hdfd78af_0
  - pip=22.3.1=py310h06a4308_0
  - pp=1.6.4.4=py_0
  - python=3.10.12=h955ad1f_0
  - readline=8.2=h5eee18b_0
  - repeatmasker=4.1.2.p1=pl5321hdfd78af_1
  - rmblast=2.11.0=h6200dbe_0
  - setuptools=65.6.3=py310h06a4308_0
  - six=1.16.0=pyhd3eb1b0_1
  - sqlite=3.41.2=h5eee18b_0
  - tesorter=1.4.6=pyhdfd78af_0
  - tk=8.6.12=h1ccaba5_0
  - trf=4.09.1=h031d066_4
  - tzdata=2022a=hda174b7_0
  - wget=1.21.4=h251f7ec_1
  - wheel=0.37.1=pyhd3eb1b0_0
  - xopen=0.7.3=py_0
  - xz=5.4.2=h5eee18b_0
  - zlib=1.2.13=hd590300_5
